predefine.h parameters: 
16
2
16
4
8
1
Orders
0 0
0 1
1 0
1 1
0 2
1 2
2 0
2 1
2 2
0 3
1 3
2 3
3 0
3 1
3 2
3 3
0 4
1 4
2 4
3 4
4 0
4 1
4 2
4 3
4 4
0 5
1 5
2 5
3 5
4 5
5 0
5 1
5 2
5 3
5 4
5 5
0 6
1 6
2 6
3 6
4 6
5 6
6 0
6 1
6 2
6 3
6 4
6 5
6 6
0 7
1 7
2 7
3 7
4 7
5 7
6 7
7 0
7 1
7 2
7 3
7 4
7 5
7 6
7 7

record MDS matrices found
0000000000000001	0000000000000001	0000000000000001	0000000000000001	0000000000000001	0000000000000001	0000000000000001	0000000000000001	
0000000000000001	0000000000000010	0000000000000011	0000000000000100	0000000000000101	0000000000000110	0000000000000111	0000000000001000	
0000000000000001	0000000000000011	0000000000000010	0000000000001000	0000000000001001	0000000000001011	0000000000001010	0000000000000110	
0000000000000001	0000000000000100	0000000000001000	0000000000000010	0000000000000110	0000000000000101	0000000000001100	0000000000000111	
0000000000000001	0000000000000101	0000000000001001	0000000000000110	0000000000000010	0000000000001100	0000000000000011	0000000000001011	
0000000000000001	0000000000000110	0000000000001011	0000000000000101	0000000000001100	0000000000000010	0000000000010000	0000000000010101	
0000000000000001	0000000000000111	0000000000001010	0000000000001100	0000000000000011	0000000000010000	0000000000001011	0000000000100001	
0000000000000001	0000000000001000	0000000000000110	0000000000000111	0000000000001011	0000000000010101	0000000000100001	0000000000000010	

